chr	start	stop	ancestry
1	0	16103	AFR
1	248945661	248956422	AFR
2	0	10560	AFR
2	242171545	242193529	AFR
3	0	11805	AFR
3	198190508	198295559	AFR
4	0	10208	AFR
4	190183759	190214555	AFR
5	0	11875	AFR
5	181362530	181538259	AFR
6	0	121495	AFR
6	170741882	170805979	AFR
7	0	31439	AFR
7	159334873	159345973	AFR
8	0	71179	AFR
8	80453471	82816871	AFR
8	145075767	145138636	AFR
9	0	10648	AFR
9	138221689	138394717	AFR
10	0	11501	AFR
10	133766275	133797422	AFR
11	0	128446	AFR
11	135076141	135086622	AFR
12	0	10709	AFR
12	133264718	133275309	AFR
13	0	18171494	AFR
13	114353285	114364328	AFR
14	0	20653557	AFR
14	106882741	107043718	AFR
15	0	23850554	AFR
15	101980858	101991189	AFR
16	0	10031	AFR
16	90220225	90338345	AFR
17	0	120360	AFR
17	83242554	83257441	AFR
18	0	36427	AFR
18	80262725	80373285	AFR
19	0	90949	AFR
19	58607520	58617616	AFR
20	0	61521	AFR
20	64331539	64444167	AFR
21	0	13987433	AFR
21	46696121	46709983	AFR
22	0	17238266	AFR
22	50799822	50818468	AFR
1	0	16103	EAS
1	248945661	248956422	EAS
2	0	10560	EAS
2	242171545	242193529	EAS
3	0	11805	EAS
3	198190508	198295559	EAS
4	0	10208	EAS
4	190183759	190214555	EAS
5	0	11875	EAS
5	181362530	181538259	EAS
6	0	121495	EAS
6	170741882	170805979	EAS
7	0	31439	EAS
7	159334873	159345973	EAS
8	0	71179	EAS
8	80453471	82816871	EAS
8	145075767	145138636	EAS
9	0	10648	EAS
9	138221689	138394717	EAS
10	0	11501	EAS
10	133766275	133797422	EAS
11	0	128446	EAS
11	135076141	135086622	EAS
12	0	10709	EAS
12	133264718	133275309	EAS
13	0	18171494	EAS
13	114353285	114364328	EAS
14	0	20653557	EAS
14	106882741	107043718	EAS
15	0	23850554	EAS
15	101980858	101991189	EAS
16	0	10031	EAS
16	90220225	90338345	EAS
17	0	120360	EAS
17	83242554	83257441	EAS
18	0	36427	EAS
18	80262725	80373285	EAS
19	0	90949	EAS
19	58607520	58617616	EAS
20	0	61521	EAS
20	64331539	64444167	EAS
21	0	13987433	EAS
21	46696121	46709983	EAS
22	0	17238266	EAS
22	50799822	50818468	EAS
1	0	16103	AFR
1	248945661	248956422	AFR
2	0	10560	AFR
2	242171545	242193529	AFR
3	0	11805	AFR
3	198190508	198295559	AFR
4	0	10208	AFR
4	190183759	190214555	AFR
5	0	11875	AFR
5	181362530	181538259	AFR
6	0	121495	AFR
6	170741882	170805979	AFR
7	0	31439	AFR
7	159334873	159345973	AFR
8	0	71179	AFR
8	80453471	82816871	AFR
8	145075767	145138636	AFR
9	0	10648	AFR
9	138221689	138394717	AFR
10	0	11501	AFR
10	133766275	133797422	AFR
11	0	128446	AFR
11	135076141	135086622	AFR
12	0	10709	AFR
12	133264718	133275309	AFR
13	0	18171494	AFR
13	114353285	114364328	AFR
14	0	20653557	AFR
14	106882741	107043718	AFR
15	0	23850554	AFR
15	101980858	101991189	AFR
16	0	10031	AFR
16	90220225	90338345	AFR
17	0	120360	AFR
17	83242554	83257441	AFR
18	0	36427	AFR
18	80262725	80373285	AFR
19	0	90949	AFR
19	58607520	58617616	AFR
20	0	61521	AFR
20	64331539	64444167	AFR
21	0	13987433	AFR
21	46696121	46709983	AFR
22	0	17238266	AFR
22	50799822	50818468	AFR
1	0	16103	SAS
1	248945661	248956422	SAS
2	0	10560	SAS
2	242171545	242193529	SAS
3	0	11805	SAS
3	198190508	198295559	SAS
4	0	10208	SAS
4	190183759	190214555	SAS
5	0	11875	SAS
5	181362530	181538259	SAS
6	0	121495	SAS
6	170741882	170805979	SAS
7	0	31439	SAS
7	159334873	159345973	SAS
8	0	71179	SAS
8	80453471	82816871	SAS
8	145075767	145138636	SAS
9	0	10648	SAS
9	138221689	138394717	SAS
10	0	11501	SAS
10	133766275	133797422	SAS
11	0	128446	SAS
11	135076141	135086622	SAS
12	0	10709	SAS
12	133264718	133275309	SAS
13	0	18171494	SAS
13	114353285	114364328	SAS
14	0	20653557	SAS
14	106882741	107043718	SAS
15	0	23850554	SAS
15	101980858	101991189	SAS
16	0	10031	SAS
16	90220225	90338345	SAS
17	0	120360	SAS
17	83242554	83257441	SAS
18	0	36427	SAS
18	80262725	80373285	SAS
19	0	90949	SAS
19	58607520	58617616	SAS
20	0	61521	SAS
20	64331539	64444167	SAS
21	0	13987433	SAS
21	46696121	46709983	SAS
22	0	17238266	SAS
22	50799822	50818468	SAS
1	0	16103	EUR
1	248945661	248956422	EUR
2	0	10560	EUR
2	242171545	242193529	EUR
3	0	11805	EUR
3	198190508	198295559	EUR
4	0	10208	EUR
4	190183759	190214555	EUR
5	0	11875	EUR
5	181362530	181538259	EUR
6	0	121495	EUR
6	170741882	170805979	EUR
7	0	31439	EUR
7	159334873	159345973	EUR
8	0	71179	EUR
8	80453471	82816871	EUR
8	145075767	145138636	EUR
9	0	10648	EUR
9	138221689	138394717	EUR
10	0	11501	EUR
10	133766275	133797422	EUR
11	0	128446	EUR
11	135076141	135086622	EUR
12	0	10709	EUR
12	133264718	133275309	EUR
13	0	18171494	EUR
13	114353285	114364328	EUR
14	0	20653557	EUR
14	106882741	107043718	EUR
15	0	23850554	EUR
15	101980858	101991189	EUR
16	0	10031	EUR
16	90220225	90338345	EUR
17	0	120360	EUR
17	83242554	83257441	EUR
18	0	36427	EUR
18	80262725	80373285	EUR
19	0	90949	EUR
19	58607520	58617616	EUR
20	0	61521	EUR
20	64331539	64444167	EUR
21	0	13987433	EUR
21	46696121	46709983	EUR
22	0	17238266	EUR
22	50799822	50818468	EUR
